size,time
2048,39.240376 
2048,39.490690 
2048,39.518837 
2048,39.560217 
2048,39.703997 
2048,39.698806 
2048,39.713840 
2048,39.999660 
2048,40.435620 
2048,40.466449 
4096,497.371295 
4096,536.868047 
4096,550.452638 
4096,555.518480 
4096,555.520300 
4096,561.717258 
4096,568.236192 
4096,573.348932 
4096,573.335026 
4096,579.110341 
size,time
8192,7045.745255 
8192,7145.511770 
8192,7255.620228 
8192,7275.337236 
8192,7346.481912 
8192,7674.049062 
8192,7849.507548 
8192,7869.090897 
8192,7870.528950 
8192,7895.687054 
