size,time
2048,11.533149 
2048,11.561784 
2048,14.570851 
2048,17.244828 
2048,11.623265 
2048,13.626531 
2048,14.244356 
2048,18.884491 
2048,16.936690 
2048,17.651086 
4096,263.217143 
4096,264.876274 
4096,330.488831 
4096,433.803437 
4096,285.810790 
4096,288.519899 
4096,380.453442 
4096,288.237300 
4096,431.359329 
4096,285.548983 
8192,2330.986242 
8192,2381.254387 
8192,2531.572079 
8192,4627.523960 
8192,2548.212278 
8192,2566.229308 
8192,3046.099117 
8192,2306.991520 
8192,2523.362973 
8192,3736.647089 
