size,time
2048,23.110374 
2048,23.528583 
2048,23.632772 
2048,23.705850 
2048,23.761824 
2048,23.804153 
2048,26.175191 
2048,27.208406 
2048,40.576711 
2048,68.418687 
4096,301.540949 
4096,305.455094 
4096,311.231913 
4096,333.709403 
4096,376.639957 
4096,384.716578 
4096,391.848197 
4096,698.751737 
4096,815.541559 
4096,832.694829 
8192,3686.626918 
8192,3791.916273 
8192,3895.132426 
8192,3911.475905 
8192,3941.392541 
8192,3948.174974 
8192,3990.986883 
8192,4456.738907 
8192,5097.643995 
8192,6611.756594 
