size,time
4096,46.742227 
4096,40.287561 
4096,46.991843 
4096,45.314063 
4096,47.564078 
4096,44.366760 
4096,43.960749 
4096,42.494679 
4096,41.946906 
4096,42.345146 
8192,408.995046 
8192,412.171641 
8192,413.040570 
8192,413.151373 
8192,411.277013 
8192,410.536026 
8192,409.112565 
8192,409.305112 
8192,409.419979 
8192,409.130610 
16384,3180.327337 
16384,3195.291033 
16384,3165.824240 
16384,3165.424670 
16384,3134.981572 
16384,3162.177853 
16384,3178.200700 
16384,3176.422394 
16384,3140.872162 
