size,time
4096,27.351236 
4096,23.039065 
4096,21.007983 
4096,24.899679 
4096,28.938414 
4096,26.445870 
4096,29.776480 
4096,21.393917 
4096,21.152425 
4096,27.655892 
8192,329.728617 
8192,327.762602 
8192,329.795521 
8192,328.346267 
8192,329.250098 
8192,328.592263 
8192,328.816212 
8192,329.693802 
8192,328.397015 
8192,318.986719 
16384,2567.672989 
16384,2574.974859 
16384,2569.453347 
16384,2609.036971 
16384,2597.755193 
16384,2588.588995 
16384,2590.633079 
16384,2585.000687 
16384,2581.038489 
16384,2605.097855 
