size,time
2048,16.612354 
2048,19.962489 
2048,17.561665 
2048,22.022991 
2048,22.476503 
2048,14.595095 
2048,13.901020 
2048,22.591068 
2048,20.125390 
2048,21.159444 
4096,308.029580 
4096,302.439538 
4096,305.265648 
4096,298.218849 
4096,286.108503 
4096,296.979711 
4096,298.256537 
4096,303.093030 
4096,304.530209 
4096,301.701176 
8192,4344.233687 
8192,3632.884222 
8192,2786.690062 
8192,2592.583314 
8192,2441.963010 
8192,2215.843355 
8192,2494.387075 
8192,2396.599589 
8192,2355.001385 
8192,2387.724474 
