size,time
4096,18.018175 
4096,18.631734 
4096,18.191364 
4096,17.592225 
4096,25.946027 
4096,21.367410 
4096,23.165042 
4096,19.649447 
4096,18.138220 
4096,18.129110 
8192,254.311322 
8192,255.680957 
8192,263.707890 
8192,264.961076 
8192,255.078084 
8192,272.459066 
8192,273.934852 
8192,268.624323 
8192,273.777392 
8192,271.580820 
16384,1991.056658 
16384,2001.275018 
16384,1983.493987 
16384,2059.172910 
16384,1997.826692 
16384,1984.226295 
16384,2061.293863 
16384,1995.091845 
16384,1995.174508 
16384,1984.926714 
