size,time
2048,15.792172 
2048,16.597932 
2048,15.267229 
2048,15.269553 
2048,15.773614 
2048,16.259213 
2048,16.264260 
2048,16.005899 
2048,15.731514 
2048,15.972999 
4096,340.683821 
4096,332.218731 
4096,342.026885 
4096,343.485728 
4096,331.866182 
4096,342.182281 
4096,343.640796 
4096,335.626243 
4096,346.567685 
4096,331.440188 
8192,2340.584421 
8192,2588.850183 
8192,2608.484800 
8192,2486.617673 
8192,2466.366747 
8192,2978.310342 
8192,2954.775139 
8192,4179.012184 
8192,2969.809297 
8192,2920.521083 
