size,time
4096,27.622426 
4096,27.472743 
4096,27.151202 
4096,27.222411 
4096,27.358706 
4096,27.484511 
4096,27.497507 
4096,27.518574 
4096,27.162625 
4096,27.365323 
8192,431.427721 
8192,432.935257 
8192,429.413077 
8192,430.062872 
8192,432.439207 
8192,430.996518 
8192,431.554944 
8192,411.532396 
8192,431.011368 
8192,423.739357 
16384,3183.484248 
16384,3191.713868 
16384,3180.068741 
16384,3174.152574 
16384,3159.669370 
16384,3191.792007 
16384,3156.816943 
16384,3168.325232 
16384,3156.829140 
