size,time
4096,22.074671 
4096,22.875855 
4096,22.682131 
4096,20.484446 
4096,19.091681 
4096,19.159961 
4096,19.375673 
4096,19.168384 
4096,20.472456 
4096,19.840846 
8192,276.039389 
8192,276.195960 
8192,273.831267 
8192,274.827851 
8192,276.006727 
8192,273.713020 
8192,274.936465 
8192,276.218851 
8192,277.301717 
8192,274.620468 
16384,2097.947119 
16384,2092.108321 
16384,2088.071953 
16384,2104.719093 
16384,2090.833992 
16384,2080.009594 
16384,2080.716670 
16384,2087.375253 
16384,2076.615788 
16384,2059.898121 
