size,time
4096,27.936762 
4096,27.560459 
4096,27.775929 
4096,20.059699 
4096,27.509437 
4096,27.834561 
4096,27.680749 
4096,27.642775 
4096,27.838103 
4096,28.032907 
8192,281.118399 
8192,291.770139 
8192,291.373529 
8192,290.848614 
8192,289.872758 
8192,290.600810 
8192,291.081847 
8192,292.275369 
8192,291.763307 
8192,291.632210 
16384,2389.916290 
16384,2397.314201 
16384,2388.281280 
16384,2381.534925 
16384,2385.571774 
16384,2380.431100 
16384,2369.916484 
16384,2382.812670 
16384,2382.286549 
16384,2367.017469 
