size,time
4096,35.623467 
4096,36.754293 
4096,35.991921 
4096,30.372176 
4096,36.077826 
4096,30.293709 
4096,33.013445 
4096,30.546900 
4096,33.518604 
4096,29.916017 
8192,298.588648 
8192,297.800593 
8192,296.861410 
8192,299.562914 
8192,298.483414 
8192,299.895633 
8192,299.373656 
8192,299.533547 
8192,298.599082 
8192,305.891704 
16384,2787.901474 
16384,2773.382789 
16384,2767.916035 
16384,2767.179080 
16384,2765.127838 
16384,2773.050545 
16384,2731.327545 
16384,2780.213320 
16384,2769.952250 
16384,2734.187639 
