size,time
4096,15.787940 
4096,15.725079 
4096,16.008448 
4096,16.296683 
4096,15.951587 
4096,15.704020 
4096,15.939406 
4096,15.972957 
4096,15.867903 
4096,15.985903 
8192,254.577709 
8192,247.333628 
8192,252.277629 
8192,251.954981 
8192,249.993598 
8192,252.264983 
8192,252.050472 
8192,251.817243 
8192,252.465746 
8192,244.984833 
16384,1941.607191 
16384,1946.045641 
16384,1950.667065 
16384,1935.775686 
16384,1941.346886 
16384,1941.652999 
16384,1945.353373 
16384,1940.105064 
16384,1944.224944 
16384,1958.298654 
